calib_time: 20180820
corner_dist: 1.000000e-01
S_101: 1.920000e+03 1.200000e+03
K_101: 2.061940e+03 5.499030e-01 9.719003e+02 0.000000e+00 2.060674e+03 5.797886e+02 0.000000e+00 0.000000e+00 1.000000e+00
D_101: -9.138600e-02 1.127830e-01 1.650000e-04 9.200000e-05
R_101: 1.000000e+00 0.000000e+00 0.000000e+00 0.000000e+00 1.000000e+00 0.000000e+00 0.000000e+00 0.000000e+00 1.000000e+00
T_101: 0.000000e+00 0.000000e+00 0.000000e+00
S_rect_101: 1.758000e+03 8.000000e+02
P_rect_101: 2.002991e+03 0.000000e+00 9.053329e+02 0.000000e+00 0.000000e+00 2.002991e+03 3.885141e+02 0.000000e+00 0.000000e+00 0.000000e+00 1.000000e+00 0.000000e+00
R_rect_101: 9.995644e-01 2.191951e-02 -1.976031e-02 -2.198217e-02 9.997540e-01 -2.959274e-03 1.969058e-02 3.392360e-03 9.998004e-01
S_103: 1.920000e+03 1.200000e+03
K_103: 2.061268e+03 -5.951140e-01 9.684596e+02 0.000000e+00 2.060783e+03 5.868436e+02 0.000000e+00 0.000000e+00 1.000000e+00
D_103: -9.292800e-02 1.271090e-01 -6.620000e-04 -4.950000e-04
R_103: 9.994810e-01 2.160800e-02 -2.390500e-02 -2.176000e-02 9.997440e-01 -6.141000e-03 2.376600e-02 6.658000e-03 9.996950e-01
T_103: -5.449150e-01 -1.550000e-04 -2.260000e-03
S_rect_103: 1.758000e+03 8.000000e+02
P_rect_103: 2.002991e+03 0.000000e+00 9.053329e+02 -1.091469e+03 0.000000e+00 2.002991e+03 3.885141e+02 0.000000e+00 0.000000e+00 0.000000e+00 1.000000e+00 0.000000e+00
R_rect_103: 9.999914e-01 2.844456e-04 4.147400e-03 -2.976170e-04 9.999949e-01 3.175553e-03 -4.146476e-03 -3.176760e-03 9.999864e-01
